0 Line b:
 0.19422913 
 0.03170776 
 0.10369873 
 0.39346313 
 0.17678833 
0 Line Wnn:
NULL

1 Line b:
 0.04904596 
-0.10823863 
 0.02848195 
 0.22933207 
 0.14218438 
 0.18075659 
1 Line Wnn:
 1.34638895 -0.74010298 -0.63551612 -1.28704000  1.69966993 
 2.01964421 -1.43523600 -0.80928345 -1.93383794  2.31249099 
 1.90490979 -0.92082092 -0.79890600 -1.81624377  2.29142498 
 1.64611936 -0.73666221 -0.49814210 -1.36448219  2.01909754 
 1.40053510 -1.00033724 -0.35742888 -1.69394580  1.80423413 
 1.26213909 -0.75657703 -0.14519486 -1.39970590  1.55735679 

2 Line b:
 0.11368127 
 0.21786623 
 0.30316138 
 0.03271916 
-0.03378500 
 0.49939636 
2 Line Wnn:
 0.27710894  0.00773837  0.21554674  0.26351519  0.30500375  0.35881892 
 0.11392060  0.10962437  0.66067096 -0.26164732 -0.18257954  0.39955993 
-0.08753822  0.42869973  0.59538685 -0.00844103 -0.00377632  0.52546341 
-0.18574302  0.53340103  0.26895500  0.00283273 -0.03551118  0.51576309 
 0.06587472  0.16318580  0.61927948  0.05251060 -0.09192456  0.49471510 
-0.03215120  0.12829071  0.01581528  0.28944668  0.20358913  0.51586453 

3 Line b:
 0.28860657 
 0.32524198 
 0.18901603 
 0.49203305 
-0.13805488 
3 Line Wnn:
 0.47001336  0.30297673  0.39425838  0.31062916  0.11109545  0.45950949 
 0.12645157  0.17118663  0.50732553  0.35288611  0.11577619 -0.00613540 
-0.01721089  0.41044220  0.27446050  0.10398919  0.22452212  0.32237065 
 0.13657354  0.34376158  0.18772142  0.21725666  0.19789990  0.41935298 
 0.07706181  0.31495653  0.27363045  0.42539422  0.22951752  0.17440083 

hello